1
3
13
1.018668 0.090146 -0.052268 0.013514 -0.038600 -0.015254 -0.061724 0.033582 -0.067138 0.017129 -0.003281 0.015925 -0.062201 
0.232245 0.920504 0.044114 -0.012207 0.018855 -0.026685 0.096144 -0.043948 0.027288 -0.098987 0.022947 -0.104470 0.039186 
-0.381402 0.117048 0.990949 0.017449 -0.104218 0.130997 -0.031461 0.033350 0.080500 0.013771 -0.083361 -0.038929 -0.014282 
-0.151020 0.036879 -0.024314 1.037409 0.045636 -0.108366 0.051291 0.000943 0.005602 0.030631 0.021947 -0.067150 -0.012900 
0.084385 -0.120231 -0.019657 0.024278 0.888383 0.005270 -0.117755 -0.065125 0.011685 0.069800 -0.060776 -0.010077 0.019241 
0.148350 0.032520 0.196597 -0.138457 0.146580 0.878709 0.053871 -0.074383 0.009042 0.067780 -0.009110 -0.035872 0.014609 
-0.300113 0.111709 -0.267322 0.188267 -0.130957 0.053605 0.885862 0.082268 -0.141792 -0.031703 0.065091 -0.018093 0.029919 
0.610505 -0.158449 0.134274 -0.151346 0.063796 -0.193830 0.083376 0.708549 0.078903 -0.072992 0.048638 0.028245 0.000126 
-0.671707 0.205447 -0.111508 0.075860 -0.087964 0.099591 -0.046865 0.149410 0.909898 0.305185 -0.111186 0.019783 -0.077565 
0.155807 -0.286345 0.061454 -0.026065 0.058578 -0.034079 0.057934 -0.085935 0.080174 0.871859 0.067819 -0.044463 -0.079741 
-0.145546 0.238921 -0.046900 0.122005 -0.056052 0.052966 0.013509 0.078659 -0.011490 0.104463 0.900724 0.122110 -0.093135 
0.286330 -0.272779 -0.065189 -0.248137 0.077008 0.015344 -0.090507 0.040152 -0.038497 -0.030750 0.036372 0.937339 0.060664 
-0.367973 0.118014 0.040092 0.099197 -0.072095 -0.020095 -0.005579 -0.087416 0.032216 -0.029699 0.012613 0.103101 0.702629 
1.889628 1.032684 -1.426096 0.258509 0.866296 0.325240 -0.489524 0.300576 -0.139636 -0.154585 -0.917194 0.054249 -0.436871 
1.0 1.0 1.0 1.0 1.0 1.0 1.0 1.0 1.0 1.0 1.0 1.0 1.0 
13
1.034678 0.056323 0.000481 0.006573 -0.011386 0.002586 -0.009601 0.028102 -0.021766 0.001412 0.012538 0.003742 -0.008180 
0.190314 0.944067 0.021259 0.014467 0.048833 -0.024526 0.052464 -0.023631 0.002253 -0.058230 0.031226 -0.040210 0.006054 
-0.430089 0.073986 0.976650 0.025147 -0.130163 0.112508 -0.104215 0.033261 0.014036 0.006909 -0.032910 -0.006995 -0.072622 
-0.050607 -0.013373 -0.002819 0.993992 0.017899 -0.046930 0.009584 0.009391 -0.036419 -0.017845 0.032910 -0.068768 0.053909 
0.103570 -0.109045 -0.123731 -0.003309 0.985694 0.011606 -0.035255 -0.031350 -0.001449 0.056197 -0.080196 0.023533 0.054300 
0.139446 -0.033661 0.226923 -0.079705 0.068272 0.954402 0.000793 -0.019897 0.025170 -0.019922 0.086056 -0.047672 -0.024203 
-0.206090 0.157257 -0.259084 0.166459 -0.100105 0.054959 0.964880 0.069549 -0.122924 0.049815 0.000535 -0.015458 0.067967 
0.584760 -0.105365 0.116386 -0.149801 0.052126 -0.096265 0.148806 0.829382 0.127569 -0.026048 0.050240 0.037949 -0.016000 
-0.711357 0.167506 -0.191404 0.082498 -0.100265 0.130712 -0.141683 0.154607 0.930427 0.150030 -0.017692 0.022691 -0.051302 
0.087279 -0.235172 0.009052 -0.076316 0.133334 -0.142981 0.141356 -0.092585 0.064070 0.970203 0.030673 -0.043448 0.026847 
-0.121047 0.230827 -0.029044 0.153105 -0.170107 0.158160 -0.020553 0.082430 0.007278 0.020931 1.014500 0.079436 -0.093110 
0.236640 -0.234481 -0.079842 -0.145982 0.125660 0.030556 -0.042311 0.011783 -0.028104 0.097597 -0.130189 1.080914 -0.011591 
-0.321514 0.140825 -0.035654 0.076069 -0.023815 0.008823 -0.008717 -0.056311 0.054508 -0.117551 0.022226 -0.006436 0.881385 
0.242162 0.341196 -0.069243 0.124127 0.117087 -0.088896 0.038168 0.068125 -0.093643 0.077962 -0.005326 0.037366 -0.034786 
1.0 1.0 1.0 1.0 1.0 1.0 1.0 1.0 1.0 1.0 1.0 1.0 1.0 
13
0.977027 0.045536 -0.018869 0.004454 -0.017895 0.017581 -0.029569 0.030309 -0.026811 0.004597 -0.004006 0.009110 -0.008240 
0.210632 0.953217 0.031303 -0.041258 0.079093 -0.079291 0.056551 -0.032405 0.013503 -0.064215 0.055711 -0.070129 0.029073 
-0.420101 0.040999 1.015652 0.064350 -0.150835 0.131475 -0.111897 0.023493 -0.006024 0.035951 -0.057871 0.035734 -0.064978 
-0.024565 -0.030776 0.075576 0.983269 0.030410 -0.053643 0.051238 -0.026772 0.002774 -0.033111 0.058856 -0.064354 0.041701 
0.136988 -0.072590 -0.139297 -0.034418 1.043483 -0.046790 0.002178 0.000617 -0.019872 0.052637 -0.064406 0.009576 0.042960 
0.107719 -0.013187 0.222283 -0.033177 -0.010047 1.016914 -0.025720 -0.040092 0.068412 -0.045496 0.039186 0.006712 -0.005458 
-0.118079 0.153896 -0.202873 0.115321 -0.047150 0.009973 1.002918 0.057964 -0.090002 0.088278 -0.007620 0.022783 0.009159 
0.486298 -0.091428 0.067974 -0.151480 0.033196 -0.035996 0.094262 0.919259 0.103050 -0.059211 0.068598 0.013095 -0.014256 
-0.596230 0.170850 -0.115837 0.053259 -0.103572 0.094579 -0.127284 0.110870 0.985348 0.078394 -0.027458 0.030484 -0.029088 
0.107544 -0.231996 0.008461 -0.072385 0.105805 -0.126818 0.117045 -0.069464 0.054335 1.024582 -0.010423 -0.025932 0.009005 
-0.139176 0.208538 -0.029586 0.171666 -0.180148 0.142777 -0.046542 0.076758 0.021636 -0.021655 1.059468 0.042593 -0.058226 
0.328601 -0.229277 0.006813 -0.174941 0.157853 -0.028064 0.009677 -0.010906 0.003107 0.054432 -0.081146 1.047181 0.008065 
-0.233278 0.133601 -0.019522 0.071934 -0.011264 0.022505 0.008833 -0.054652 0.056922 -0.065599 -0.022612 0.003573 0.954923 
-0.082917 0.042814 -0.098042 0.048132 0.065537 -0.050983 -0.041720 -0.059899 -0.075134 0.047059 0.073978 0.105597 0.104882 
1.0 1.0 1.0 1.0 1.0 1.0 1.0 1.0 1.0 1.0 1.0 1.0 1.0 
